"V1"
"sdev"c(2.99443270613297, 0.612014613339639, 0.470072337890338, 0.272428813624522, 0.172116392247864, 0.128908443775152, 0.115736812698307, 0.0897566806939327, 0.0726040583826653, 0.056100890819145, 0.0437152301737403)
"loadings"c(-0.234706559903972, -0.3476493083087, -0.286805532202748, -0.27210660091163, -0.253359778285052, -0.309131092818662, -0.305102354933054, -0.331962163985024, -0.31395639162544, -0.277553405082653, -0.359317867618734, 0.418619195487802, 0.697182145271304, -0.187298398924248, -0.291007606082683, -0.293872811710876, -0.182274504728605, -0.188426315374346, -0.0313721759413028, -0.0522617430608037, -0.183673326951204, 0.162443261909044, 0.18348467764124, -0.0766558547795119, 0.302921172972612, -0.0216827898584474, 
0.00626310294616699, 0.227527901836725, 0.230053037680213, 0.0166550562695827, 0.172057245644329, -0.83594663330836, -0.186562159752441, 0.0124318965854561, 0.217287500966828, 0.334485336597475, 0.50982628824665, 0.38704382995587, -0.145453566294869, -0.490415259337229, -0.233386030011084, -0.305420171682081, -0.146846540393942, -0.0068619049012858, 0.459173327455022, -0.358352741851066, 0.569325692038854, -0.171741734537084, -0.3648949647355, 0.0633466078619479, -0.108548189416134, -0.144597215038252, 
-0.227745892169471, 0.243091296578139, 0.162180266533861, 0.435403460642157, -0.429079532198215, -0.341808452040554, 0.0321570441391612, 0.363692692298428, -0.361826669415951, -0.0320985124575108, 0.0636451494316622, 0.100687883351244, -0.172275302916595, 0.447614483240239, -0.284679970327743, 0.100364871928188, 0.288247677282948, -0.691569484500058, 0.501078376005602, -0.0320761263216624, 0.031931845657424, -0.183823190896448, -0.0394090725210537, -0.0114361818082285, 0.242747286939249, 0.430122846341705, 
0.070518658650524, 0.0259802377093995, -0.0904843035315246, 0.318872191162936, -0.236316426805512, 0.210011085443722, -0.229315054155995, 0.181863761459655, 0.276072738842989, -0.661553861063859, 0.220195598207017, 0.0023770674484247, -0.382670295975185, -0.00485248601001815, 0.196409535953001, 0.656697462161944, 0.134600868049358, -0.337600911997954, -0.448971710133347, 0.0201308902954434, 0.0338712962482173, -0.144473724314671, 0.0875413798466776, 0.0393864714759597, 0.251198820972491, -0.202498414406836, 
-0.266640517212083, 0.507895457700628, -0.667638667008473, 0.0895404045951946, -0.0252183539847387, 0.286977873148662, 0.00511818347569167, -0.0688910130948554, -0.0794097711562553, -0.0277512009408705, -0.0429348803474554, 0.322697848151042, -0.493927158208212, -0.403756478179352, 0.685264979976779, 0.0519347297383604, 0.0539059016171275)
"center"c(8.02093023255814, 7.51627906976744, 7.69302325581395, 7.47906976744186, 7.56511627906977, 7.46744186046512, 7.48837209302326, 7.29302325581395, 7.38372093023256, 7.93488372093023, 7.60232558139535)
"scale"c(1, 1, 1, 1, 1, 1, 1, 1, 1, 1, 1)
"n.obs"43
"scores"c(0.466476901698307, -2.30927813352856, -0.2447937097512, -3.40573212479349, 6.74601796818423, -2.37344196395776, -3.72068541295435, 7.58254512087695, -3.47287568359694, -0.879211472113281, 0.284208257742889, 1.30797284231568, 0.463304066591121, 3.10753818372895, -1.29925828784731, 0.403495345632017, 2.72722782495025, 0.740768897035039, -0.591121490626702, 4.22856505797083, 1.60194212774829, 2.91647391768691, 6.02297081638298, 0.0229267917157509, -3.17198803549521, -4.28729415810605, -1.45389921104407, 
-3.27949550242624, -1.77718311756685, -4.55941407849319, -0.963487581678818, -0.542114031707915, -2.38787251376898, -3.41371713819637, 6.48835336212829, -1.89483118697241, -1.13797984624222, -0.66867672979055, 1.94066219093694, -1.17827318958305, 2.54048120526841, -1.49772137486059, 0.918415096508207, 0.441224278385908, 0.699406902829165, 0.223849398099946, -0.235625031262665, -1.03700335591849, 0.523773570462846, 0.154222868245069, -0.198749762416347, 0.143991876684048, -1.23029531628746, 0.243142702091889, 
0.762245703778978, 1.43901326782856, 0.121448030203917, -0.133502512540579, 0.127061419346385, 0.263157435912326, -0.575437374130185, -0.196338602519178, -0.562893848038063, 1.21873312926931, 0.329071220268242, 1.21072756841943, 0.721102561026966, -0.171107840050253, -0.39205945847478, 0.346796700262892, 0.260243189002185, -0.612051650244961, 0.0572230087210702, -1.51911787649702, 0.063886633289999, -0.581063763372339, 0.100631275669239, -0.235221766217412, -0.259370173051565, 0.0463240069527817, 
-0.0798102088403985, 0.0145921728810376, -0.39329652527442, -0.99888843502906, 0.48722613494054, -0.587261554407576, -0.732424571052108, -0.0373120713448131, 0.0302118087721168, 0.232626464283638, 0.960893032729669, -0.0724384642650172, -0.208111156501013, -1.1321366283672, 0.0275851380508359, -0.0531515012236745, -0.687350342648549, 0.492878630279978, -0.526514630035762, 0.885969947484963, -0.148811252527567, -0.183854990724163, 0.391509144404655, -0.298317972077249, 0.10686922754384, -0.405916821431745, 
-0.192534445075575, -0.42858554283999, 1.66832332575459, 0.0244288958577908, 0.123603644521702, 0.225990131179162, -0.092716731567299, 0.00984412123804862, 0.175809931940697, 0.427247457410347, 0.240556285262452, -0.155194894135304, 0.147364017667993, 0.0681396508877373, -0.173017477329831, 0.431925133058285, 0.124793440409464, -0.298969222400638, -0.78130537188895, 0.122504050657927, -0.210835820725361, -0.019355300788035, -0.0802182704460641, 0.000971272097216924, 0.235535565324453, 0.109314162329251, 
-0.133263458615774, 0.258654877209016, 0.119078828049125, 0.0895806877814722, -0.0590700012222281, 0.264468541443249, -0.329841997315144, 0.0304798621443395, 0.0605725247057933, -0.612975830358368, -0.0684047461936647, 0.0594540379484015, 0.0402932903277741, -0.160442569094867, -0.117848304730392, -0.135721574172444, 0.422377979570737, -0.120388875976286, 0.251331472100167, -0.0897748902581648, 0.173553900780605, 0.0342575953939492, -0.158236222105278, 0.149308310733877, 0.297896827213841, -0.326022806689668, 
-0.40492910794789, -0.383849847464115, 0.374706976626515, -0.317269904787969, 0.107729668302235, -0.356164511098982, 0.298519628606083, 0.226999279151983, -0.143841125499923, -0.00405608283989204, 0.761083365409175, -0.12967161640186, -0.576216199016874, 0.26182101854053, 0.0352269872137065, 0.255467161906406, -0.00112141335127151, 0.0739049237260158, 0.308643861287202, 0.227432157931878, 0.0555945078190242, -0.214987937947075, -0.102195428714278, 0.230720256308798, 0.0547614255961544, -0.261075657658821, 
0.0725185943931179, -0.231902386280748, -0.190222579493881, 0.269423450812871, 0.386961126416427, 0.124074413683623, 0.0796805990242807, 0.184833083167621, 0.268346491136986, -0.0464266533239304, -0.0716667806310178, 0.04244696732191, -0.0762306219911552, -0.144640944790048, -0.0530027225139323, 0.0327159431645873, -0.149665403754252, 0.0397464289622112, -0.00594022511198966, -0.0828769201932231, 0.16247173570032, -0.0137573765602261, -0.198486230040826, -0.260645180520427, -0.0153443861326724, 0.0730953371931938, 
-0.205878589021343, -0.111127693043269, 0.00847816138150417, -0.343532452589542, -0.205816030483922, 0.0506897947902028, 0.0300664533370342, -0.0260961045620315, -0.0545673682075888, 0.0506607481303045, -0.0790933316591071, 0.0655407970964383, 0.0703759968662225, 0.0241081263092077, 0.257747752136786, 0.100696673736674, 0.110891619834839, 0.0242271158755157, 0.319695648480367, -0.100811055092304, -0.0369851549361117, -0.145079210283461, 0.249539256724561, 0.255043817731671, -0.043489272422924, -0.0250082005545698, 
-0.151992629448343, -0.0968128166096286, -0.15582557225244, 0.026259894065523, 0.0745144614395938, 0.0411215058214293, -0.00683662514609745, -0.0409741772807534, 0.00745368815634273, -0.451393014283378, -0.0806415103606626, 0.0160889040454241, 0.0111233641787263, -0.035780464234621, -0.00360623640053159, -0.0521858534984974, -0.0941078915263272, -0.0561192428853752, 0.107732837319521, 0.0415362564361389, -0.0329822840459895, -0.164726696821782, 0.212792691967487, 0.302978587943571, 0.0855933984072129, 
0.104986825677049, -0.0339704309258427, 0.132813806794651, -0.0423434275005608, 0.162344639796363, -0.0953128227695655, -0.0231453357533664, 0.0847999393575211, -0.0476773894339767, -0.384838750638435, 0.144302048213699, 0.0190247100473104, 0.0248701117206813, 0.0171612169314158, -0.0305976892269057, -0.0653028917398661, -0.311940057408302, -0.0344770071260803, 0.0257142408581962, 0.0213108162937496, -0.0762782228922787, -0.107503065681562, -0.0164793374541111, -0.0580040586529464, 0.0133292974318592, 
0.0127393113322729, 0.0884538794315456, 0.00653765288420794, 0.0428718562569301, -0.00803856871763042, 0.0368910661233084, 0.0377315055319105, -0.16015304837143, -0.0182511384823827, -0.047771943263035, -0.0173024038070888, -0.100230341132134, 0.0136098484735165, 0.00640798336799878, 0.0823524961350465, -0.117846380041861, 0.0201929103986935, -0.0782678475630404, 0.0820631312634372, 0.0912549315237243, -0.0283525069450756, 0.00116762414367488, 0.17300373374044, 0.0652757808295705, -0.0307258943166741, 
0.0856389417351731, -0.0932866714029867, 0.0348922329467136, -0.0216894937018715, -0.0353225836129925, -0.0759821517066112, -0.162059608325024, 0.0415167098215757, -0.148126384574818, 0.00446898167049459, -0.0509985348886951, -0.00149551787729596, 0.143314858748538, 0.0544107644042549, -0.0566618624931189, 0.054753019977841, -0.0284778461599309, 0.158097956855729, -0.0307908901782374, -0.0200110041101156, -0.0175161196353738, -0.1535061903664, 0.116633093799183, 0.0555038653886781, -0.137983324559555, 
-0.153110013982127, -0.05473350520204, 0.197579062569772, -0.0307761977852717, 0.0910023190136915, -0.0236922942439625, 0.0772292609746911, 0.00341364386719417, 0.0515326726695867, 0.0555122892138136, 0.00317337336824686, 0.0821206166999841, -0.0384045383631363, -0.0349928273400409, -0.000274925749144936, 0.00843617689865445, -0.0921000821439988, -0.0373826686378254, -0.0239903432757874, -0.151298740055349, 0.137988574265402, 0.070679938329039, -0.0247526427352767, -0.0586487460592383, -0.00821560682970336, 
-0.178578401811492, 0.0661051393029996, 0.0937412695734857, -0.119061051249592, -0.0488272674184657, 0.0376030802404827, -0.0606347214515205, 0.000648081218546079, -0.00539130227702399, 0.0283863582039965, 0.0375971916754132, -0.0038989235071183, 0.0561907936787885, -0.105001624719283, 0.00681352797783715, 0.0228303110714103, 0.0326597123476268, 0.00347539886304646, 0.0541357280123958, 0.054296493232665, 0.0537474776068496, -0.0292748559983694, -0.0830215855589192, 0.0942347295842434, -0.112590967723908, 
0.164432888870673, -0.00095718807856908, 0.115823814511497, 0.06745303251447, -0.0251212461461487, -0.0917375748151342, -0.0155705948804948, -0.084903228233255, 0.0790034972078024, 0.0231902376735098, 0.011756901309363, 0.0472478753824687, -0.0510922668953404, 0.0628168156578897, 0.0127490466271236, -0.0951855781981815, 0.0101166745739008, -0.0072790835736371, 0.0220770105401105, 0.0862736515145206, 0.00557547517313328, -0.0532099890273933, -0.0528920557640138, 0.0567185036189405, 0.0511967955951049, 
-0.00274475553344616, -0.0295407713436284, -0.0288353912394681, -0.0721284462555762, 0.0380766375480544, -0.0779727648322852, 0.127748913161847, 0.00888980581438101, 0.0041629928863556, -0.0206322109163212, -0.0844184476151374, 0.0725930965596004, -0.0185421811053021, -0.0620759013357558, -0.0379409359897134, 0.0714788914338672, -0.0351460102978345, -0.000680843571982614, -0.0263422036553324, -0.0466001543716006, -0.0231292419843956, -0.00776888057328547, 0.00677876260014289, -0.099323414326296, 
0.00461427890721396, -0.100643011230677, -0.0308910897802263, 0.0361091757219981, -0.00323209366710051, 0.0304792229335667, -0.0268995439983522, -0.0157455220153848, -0.0289717430700438, 0.0241738199527565, 0.0673965578483038, -0.000368964854525818, 0.0676111752367267, -0.000906609386202465, -0.0171528966509725, 0.0031056965328229, -0.0168473691026833, 0.0525987085543752, -0.0136956279582254, -0.0185819626296835, 0.017113996052057, -0.0853612980138706, -0.0105039882605705, -0.0474375904396098, 0.0558389177411536, 
-0.0514720800702961, 0.0170412752296566, 0.0550148433972151, -0.0371009117837368, 0.0819152429883507, 0.00733869103995694, 0.0675870621045205, 0.040389516984291, 0.0196227955721992, 0.0537601433820892, 0.00933469575239908, -0.0588585869683659, 0.0236680026043084)
"call"princomp(x = principaldata, cor = FALSE, scores = TRUE)
"cutoff"0.1
"print.loadings"FALSE
